100
5
25
-5
2
-25
-2
-40366
-32132
-84051
39809
44514
-84457
-23846
32999
54223
35038
-31892
-17462
45860
-55912
26055
-90456
12835
47553
28910
40354
14310
25615
35743
-51621
2349
64418
-64482
-52006
-69247
23539
39669
57688
-92241
-44382
13849
-47727
54809
90003
-98376
-74611
41398
37028
91575
87258
64769
17630
80455
-89692
65188
-57931
34310
95850
67684
86405
-55771
70033
50828
47043
-65616
65229
-13066
-25947
39269
-5307
13324
69475
30614
68133
59478
-67757
-90126
-82772
-14377
-98546
-79157
34040
19084
1298
44348
-99376
-40281
78663
-3526
-72597
65068
8004
-86212
32248
71399
15468
-86166
58338
-94122
53103
