1000
5
25
-5
2
-25
-2
-40366
-32132
-84051
39809
44514
-84457
-23846
32999
54223
35038
-31892
-17462
45860
-55912
26055
-90456
12835
47553
28910
40354
14310
25615
35743
-51621
2349
64418
-64482
-52006
-69247
23539
39669
57688
-92241
-44382
13849
-47727
54809
90003
-98376
-74611
41398
37028
91575
87258
64769
17630
80455
-89692
65188
-57931
34310
95850
67684
86405
-55771
70033
50828
47043
-65616
65229
-13066
-25947
39269
-5307
13324
69475
30614
68133
59478
-67757
-90126
-82772
-14377
-98546
-79157
34040
19084
1298
44348
-99376
-40281
78663
-3526
-72597
65068
8004
-86212
32248
71399
15468
-86166
58338
-94122
53103
36679
-64446
22578
67298
87335
98413
-84107
97214
-68007
-14836
-1332
-63516
19209
-65896
21430
-20091
2029
81149
42220
98503
92200
23645
22859
-94007
55893
94263
-62187
-13921
-31047
-72661
-44461
-78016
30189
-5531
72930
-49767
76530
-11177
31095
-91472
57640
29763
28660
76849
47515
-17201
-43242
-17752
-36052
98983
-2892
-43847
38980
3615
45794
11225
14230
-41
97309
83183
94599
-47152
88820
41140
14613
-5546
91373
7500
50578
38820
16028
24570
84935
44688
1419
32455
11135
-25471
14703
75088
-10136
95459
14889
28844
-68217
77035
40074
-53987
-23006
37383
12849
71593
-93417
-65627
29090
-62452
96123
20463
45048
63053
59288
-22572
87623
44223
-61527
5394
93030
49608
79928
24090
-58952
-13856
-47747
-27711
-85007
-32316
-50676
-28581
97350
-73677
-74846
-57097
81564
99033
-39076
10654
-47067
40695
47474
81634
3753
23114
-24586
7728
83689
97535
-70521
76724
47148
-74241
-66482
71844
79199
-30581
-55862
77840
-62892
77110
49259
-65542
-96567
-25587
-38991
68650
-10202
-78067
-87992
-73616
-37372
-24166
8018
-17267
-1052
-216
74114
66290
-2676
3593
-24282
28120
13000
-7116
99964
92199
-37697
-39546
-97252
-16941
-62431
35655
84813
24650
10073
-37826
93300
83519
51403
5313
-90097
-69612
64795
-65727
-3231
-36252
1358
70883
30038
-84966
-9172
89404
-56846
3828
82288
43118
12384
28239
87225
-68516
11303
24794
67139
12468
49444
-6436
58295
-24547
-22912
26050
-2882
70639
56438
-38087
88565
-30436
9309
6275
24095
-44301
-78691
14928
45103
-35537
35108
43743
91229
-36156
-11661
-88842
-4672
-84006
19600
46120
12110
-98247
-60316
-96891
-39146
420
29164
25268
71064
-98046
-96467
-7667
38814
96495
98608
-4382
52194
-63731
94194
13654
68028
-54346
-26251
-24391
-90497
-37912
54068
-11521
45378
90020
34599
73845
-8227
-25712
-23046
36275
74708
-93882
77895
62124
75373
-18567
-29191
30539
77928
53065
9805
-53526
-10666
-63297
60128
41010
66010
17530
16624
-24487
-20382
87044
47640
8649
77064
82244
82494
-14806
-27116
59448
21469
31240
-18077
99369
-73927
40944
-2846
64178
87835
58730
17248
97645
5204
-77066
34348
-18311
-36051
358
-781
80573
-7777
62485
-16031
-60132
-96162
61033
-61536
-97316
29875
-88652
45785
-15947
-57412
-72292
-226
52309
-14996
64224
-67156
-27161
22954
33740
70484
44510
-43326
-78811
-73801
-79377
-62101
-74582
84844
97423
-12092
68813
-46357
-24606
-53797
75755
45379
76078
-12897
-76132
43779
13339
-64776
-56447
65653
-79772
91425
82145
76715
-52917
15885
-20092
-8402
72559
84745
1445
-90461
-77356
-73132
94383
3715
-1576
-20447
57358
-26182
-90596
33113
2845
69130
3864
26713
-54382
17208
45585
-27181
-787
65813
64249
-18642
42533
-72316
97243
6089
86578
86154
90834
88028
-4307
13478
98544
-93567
17198
96968
-30366
90908
54434
-20962
-59622
-10012
-51832
-39406
-66947
77434
61450
-21357
50258
60663
-39192
30859
-41627
86989
-41457
39264
9430
28774
41775
-67032
33154
37468
30099
48050
27549
63649
61370
97183
-29091
-51492
59869
94935
22144
-75606
55534
38850
-98172
16984
17493
35734
94004
61949
66593
36025
65295
-58507
75294
-92571
-13381
-50227
7698
-80227
70889
54149
67823
98443
17798
29193
-88022
-94941
61349
-11796
99999
83498
79894
55533
22348
65370
88869
-43807
-66187
82873
-65506
-83242
18903
-211
41899
10549
74519
-71482
43970
98569
-68061
-52437
52718
-83886
-37642
86868
28955
-42011
75575
-76987
13489
-91722
90159
9735
47459
28859
-92191
52685
-98596
25270
35558
-64102
-57967
70813
2988
67580
97714
93859
-3897
-25612
92428
11690
-94396
61498
-72191
35258
-35282
56764
-90401
40293
63425
23088
-35072
-13712
32823
96035
-68501
24285
-18576
-67097
49555
635
-47546
91588
87800
39090
75525
85519
-34347
71628
43555
-25567
99670
-50841
19579
27479
-99226
-99351
84248
77669
24590
64025
17114
89518
-49682
-33711
85558
65465
90574
-16666
-1627
-27162
-16031
18123
-19222
-28226
73565
-43697
57293
-60782
-55717
848
-2701
-56042
-33636
16878
55085
34434
1175
55685
28455
-41531
19715
45569
31640
70033
11863
33550
35498
18789
-83116
17519
75275
68154
51994
56058
39928
25559
96009
-86427
-18871
-43351
-69227
45724
84255
64433
-21046
-27956
15219
80129
-72266
-23617
-61397
47449
-61696
-29757
-66166
-33481
-96207
-14316
-14687
4325
3208
60588
-94817
-28446
-67002
28759
97118
-54636
-41316
61895
69309
56758
-59672
53564
37543
86578
-74392
-30881
-16936
36990
29150
5315
84439
-32546
-24442
18273
1274
62999
87610
70235
67324
90818
47175
56160
-21276
-19822
-82377
59490
92838
43608
21390
78499
-83282
-38282
48415
37909
-35352
-25977
7028
31360
-88982
36178
36675
-88191
-80011
12233
13735
-78737
-8416
1345
91498
-41087
8515
38673
15073
-12761
-64797
16344
46734
-55607
-23696
-99172
6540
76670
-53806
54955
-52712
94490
28983
37964
-41441
-43647
90499
-4766
35458
-89512
91120
65545
15399
-17296
-406
23249
25265
-91891
78274
56690
-4647
97130
73039
25735
-58477
-50657
-73437
48068
26018
56405
19375
56954
50895
48358
11270
-90546
88359
-65527
-95307
40174
28609
95813
5719
44008
-5131
-94682
-16391
-79861
97075
61888
-23171
-7572
59018
49868
18163
-83107
-84432
28374
-18687
25234
84779
-99307
98540
-31617
32699
9810
61485
37415
-55712
66178
-89707
56545
-21657
-67636
16910
40513
21330
519
-22996
18410
-21241
-46167
10838
-45871
87354
-54642
38323
86570
-9916
3284
-55492
74868
-79671
-56952
-40397
53033
52858
-78912
6800
80794
-96377
-82907
-29952
-34386
33105
86958
89775
54440
-96171
66779
-94446
-17407
4265
-67256
4018
-75677
61750
58693
-89107
-48161
-21666
-60951
-56941
65959
65745
69958
35344
18603
-92602
42144
15754
-5331
-24411
-97846
27584
-91301
72760
-49937
63139
76589
495
68693
42830
-62536
85085
63205
29083
-20456
21898
-43672
-68617
83880
79025
41738
-17452
44770
28048
-65756
63373
19094
-23607
95479
13768
19278
-2367
57704
11625
70393
91415
-92532
-36661
-75386
59809
