10000
5
25
-5
2
-25
-2
-40366
-32132
-84051
39809
44514
-84457
-23846
32999
54223
35038
-31892
-17462
45860
-55912
26055
-90456
12835
47553
28910
40354
14310
25615
35743
-51621
2349
64418
-64482
-52006
-69247
23539
39669
57688
-92241
-44382
13849
-47727
54809
90003
-98376
-74611
41398
37028
91575
87258
64769
17630
80455
-89692
65188
-57931
34310
95850
67684
86405
-55771
70033
50828
47043
-65616
65229
-13066
-25947
39269
-5307
13324
69475
30614
68133
59478
-67757
-90126
-82772
-14377
-98546
-79157
34040
19084
1298
44348
-99376
-40281
78663
-3526
-72597
65068
8004
-86212
32248
71399
15468
-86166
58338
-94122
53103
36679
-64446
22578
67298
87335
98413
-84107
97214
-68007
-14836
-1332
-63516
19209
-65896
21430
-20091
2029
81149
42220
98503
92200
23645
22859
-94007
55893
94263
-62187
-13921
-31047
-72661
-44461
-78016
30189
-5531
72930
-49767
76530
-11177
31095
-91472
57640
29763
28660
76849
47515
-17201
-43242
-17752
-36052
98983
-2892
-43847
38980
3615
45794
11225
14230
-41
97309
83183
94599
-47152
88820
41140
14613
-5546
91373
7500
50578
38820
16028
24570
84935
44688
1419
32455
11135
-25471
14703
75088
-10136
95459
14889
28844
-68217
77035
40074
-53987
-23006
37383
12849
71593
-93417
-65627
29090
-62452
96123
20463
45048
63053
59288
-22572
87623
44223
-61527
5394
93030
49608
79928
24090
-58952
-13856
-47747
-27711
-85007
-32316
-50676
-28581
97350
-73677
-74846
-57097
81564
99033
-39076
10654
-47067
40695
47474
81634
3753
23114
-24586
7728
83689
97535
-70521
76724
47148
-74241
-66482
71844
79199
-30581
-55862
77840
-62892
77110
49259
-65542
-96567
-25587
-38991
68650
-10202
-78067
-87992
-73616
-37372
-24166
8018
-17267
-1052
-216
74114
66290
-2676
3593
-24282
28120
13000
-7116
99964
92199
-37697
-39546
-97252
-16941
-62431
35655
84813
24650
10073
-37826
93300
83519
51403
5313
-90097
-69612
64795
-65727
-3231
-36252
1358
70883
30038
-84966
-9172
89404
-56846
3828
82288
43118
12384
28239
87225
-68516
11303
24794
67139
12468
49444
-6436
58295
-24547
-22912
26050
-2882
70639
56438
-38087
88565
-30436
9309
6275
24095
-44301
-78691
14928
45103
-35537
35108
43743
91229
-36156
-11661
-88842
-4672
-84006
19600
46120
12110
-98247
-60316
-96891
-39146
420
29164
25268
71064
-98046
-96467
-7667
38814
96495
98608
-4382
52194
-63731
94194
13654
68028
-54346
-26251
-24391
-90497
-37912
54068
-11521
45378
90020
34599
73845
-8227
-25712
-23046
36275
74708
-93882
77895
62124
75373
-18567
-29191
30539
77928
53065
9805
-53526
-10666
-63297
60128
41010
66010
17530
16624
-24487
-20382
87044
47640
8649
77064
82244
82494
-14806
-27116
59448
21469
31240
-18077
99369
-73927
40944
-2846
64178
87835
58730
17248
97645
5204
-77066
34348
-18311
-36051
358
-781
80573
-7777
62485
-16031
-60132
-96162
61033
-61536
-97316
29875
-88652
45785
-15947
-57412
-72292
-226
52309
-14996
64224
-67156
-27161
22954
33740
70484
44510
-43326
-78811
-73801
-79377
-62101
-74582
84844
97423
-12092
68813
-46357
-24606
-53797
75755
45379
76078
-12897
-76132
43779
13339
-64776
-56447
65653
-79772
91425
82145
76715
-52917
15885
-20092
-8402
72559
84745
1445
-90461
-77356
-73132
94383
3715
-1576
-20447
57358
-26182
-90596
33113
2845
69130
3864
26713
-54382
17208
45585
-27181
-787
65813
64249
-18642
42533
-72316
97243
6089
86578
86154
90834
88028
-4307
13478
98544
-93567
17198
96968
-30366
90908
54434
-20962
-59622
-10012
-51832
-39406
-66947
77434
61450
-21357
50258
60663
-39192
30859
-41627
86989
-41457
39264
9430
28774
41775
-67032
33154
37468
30099
48050
27549
63649
61370
97183
-29091
-51492
59869
94935
22144
-75606
55534
38850
-98172
16984
17493
35734
94004
61949
66593
36025
65295
-58507
75294
-92571
-13381
-50227
7698
-80227
70889
54149
67823
98443
17798
29193
-88022
-94941
61349
-11796
99999
83498
79894
55533
22348
65370
88869
-43807
-66187
82873
-65506
-83242
18903
-211
41899
10549
74519
-71482
43970
98569
-68061
-52437
52718
-83886
-37642
86868
28955
-42011
75575
-76987
13489
-91722
90159
9735
47459
28859
-92191
52685
-98596
25270
35558
-64102
-57967
70813
2988
67580
97714
93859
-3897
-25612
92428
11690
-94396
61498
-72191
35258
-35282
56764
-90401
40293
63425
23088
-35072
-13712
32823
96035
-68501
24285
-18576
-67097
49555
635
-47546
91588
87800
39090
75525
85519
-34347
71628
43555
-25567
99670
-50841
19579
27479
-99226
-99351
84248
77669
24590
64025
17114
89518
-49682
-33711
85558
65465
90574
-16666
-1627
-27162
-16031
18123
-19222
-28226
73565
-43697
57293
-60782
-55717
848
-2701
-56042
-33636
16878
55085
34434
1175
55685
28455
-41531
19715
45569
31640
70033
11863
33550
35498
18789
-83116
17519
75275
68154
51994
56058
39928
25559
96009
-86427
-18871
-43351
-69227
45724
84255
64433
-21046
-27956
15219
80129
-72266
-23617
-61397
47449
-61696
-29757
-66166
-33481
-96207
-14316
-14687
4325
3208
60588
-94817
-28446
-67002
28759
97118
-54636
-41316
61895
69309
56758
-59672
53564
37543
86578
-74392
-30881
-16936
36990
29150
5315
84439
-32546
-24442
18273
1274
62999
87610
70235
67324
90818
47175
56160
-21276
-19822
-82377
59490
92838
43608
21390
78499
-83282
-38282
48415
37909
-35352
-25977
7028
31360
-88982
36178
36675
-88191
-80011
12233
13735
-78737
-8416
1345
91498
-41087
8515
38673
15073
-12761
-64797
16344
46734
-55607
-23696
-99172
6540
76670
-53806
54955
-52712
94490
28983
37964
-41441
-43647
90499
-4766
35458
-89512
91120
65545
15399
-17296
-406
23249
25265
-91891
78274
56690
-4647
97130
73039
25735
-58477
-50657
-73437
48068
26018
56405
19375
56954
50895
48358
11270
-90546
88359
-65527
-95307
40174
28609
95813
5719
44008
-5131
-94682
-16391
-79861
97075
61888
-23171
-7572
59018
49868
18163
-83107
-84432
28374
-18687
25234
84779
-99307
98540
-31617
32699
9810
61485
37415
-55712
66178
-89707
56545
-21657
-67636
16910
40513
21330
519
-22996
18410
-21241
-46167
10838
-45871
87354
-54642
38323
86570
-9916
3284
-55492
74868
-79671
-56952
-40397
53033
52858
-78912
6800
80794
-96377
-82907
-29952
-34386
33105
86958
89775
54440
-96171
66779
-94446
-17407
4265
-67256
4018
-75677
61750
58693
-89107
-48161
-21666
-60951
-56941
65959
65745
69958
35344
18603
-92602
42144
15754
-5331
-24411
-97846
27584
-91301
72760
-49937
63139
76589
495
68693
42830
-62536
85085
63205
29083
-20456
21898
-43672
-68617
83880
79025
41738
-17452
44770
28048
-65756
63373
19094
-23607
95479
13768
19278
-2367
57704
11625
70393
91415
-92532
-36661
-75386
59809
6169
-37922
-22397
69374
74809
40795
-92371
14785
-27822
91509
-73486
-69732
-9591
-28716
41964
91954
-48986
77410
51995
46493
91178
71273
27779
-34766
99255
-85476
56654
6723
-22137
-18732
-17111
67685
26999
44140
-30237
1808
84935
44688
32950
57113
-47446
-40536
71029
10259
-69247
12993
2213
65415
6755
70560
11908
97938
58190
56039
46820
-9851
-29432
-63822
80520
32079
1099
63409
-67532
28098
7549
-14116
46258
-74812
14220
79208
65949
-33226
-44971
36978
77038
69430
66323
95603
34845
73083
66168
63105
87373
24358
19149
50545
98155
-93931
-13272
-88621
-61852
71475
-25207
-45731
99573
-1306
7449
-37817
91183
-45627
-42252
73484
4800
80073
-73181
81838
65855
-90506
93793
-66596
66225
-23687
-3491
69950
-82977
15658
20500
15178
5375
-92772
10210
43528
-21297
85003
-85851
61924
67345
21598
-59541
74880
59619
65503
48369
64419
61928
75188
-37391
27783
68330
40055
-22461
-32736
16368
-25947
-62786
-50252
73359
-42286
48574
-88557
48590
-8512
-28677
-72707
60139
52768
-94431
-39807
-9282
13329
-64927
33985
-4816
-206
-68887
40765
-8666
77370
84900
59669
-49871
-37556
-73067
50150
20145
47795
-102
93504
5514
-35176
-78701
54104
23613
59918
-2246
104
-70962
70619
43945
3404
83948
79023
-29902
-4511
-4831
-15141
36254
53804
-37771
21154
13473
79659
83598
-43242
-37487
3743
-95447
-53941
13604
-73581
-89117
-65097
80528
18144
78474
61930
18253
-76136
32549
78550
-72727
32854
57573
81019
-71657
36395
-34122
-19051
90199
11755
2103
20024
91414
-97942
60430
37575
-77847
64983
83634
-47891
-92241
78170
70665
71935
-70982
-18157
-33431
-36377
73003
-882
-57822
-83372
-51676
-83897
81295
60315
-47502
47173
-58736
-40951
58933
27020
79073
-33301
29078
39503
4279
-32417
20843
4265
3345
12250
-84861
74010
-83111
27810
-44147
50754
-8567
12504
-33776
17259
-54511
81849
17015
26784
-25132
69513
-9686
83433
-55081
32895
26805
7640
99594
72235
63500
20225
-60182
84343
-42801
-56837
12945
39634
17173
29834
67444
56674
80588
-24766
85535
30460
-7507
-68976
-54987
9508
57808
-96466
-4622
31770
-96681
7593
-2631
30124
31585
96968
2359
95085
33545
-41471
95780
-9256
85345
-58571
30383
2518
-28737
14179
-24451
35499
89413
-38916
-1332
65559
-7892
27329
-8581
33564
30863
70445
-1957
-49466
94390
79060
-19342
25980
76028
-631
21065
25930
-42097
-50446
-83326
-56752
58279
-36591
-37882
-54101
-22407
21315
-18602
50654
-17601
63714
32565
58155
91048
23989
-75572
-61737
94434
-93881
56098
88829
85179
-46892
14809
77564
36130
-31422
3494
-5967
1780
20168
-79071
60064
67230
66695
-94037
-55177
88015
71009
-88171
70414
51080
44399
28574
42128
68388
-30646
-3257
-20826
-24527
-30807
68003
44300
5954
99164
21864
42084
-15901
25358
19765
-14121
-38117
40694
45943
29113
7389
-31742
57584
95404
22920
69413
65823
74000
-69836
10749
32480
-85096
-19897
29223
-5917
39224
82069
45734
83524
88023
61255
21745
46459
-54646
47103
66224
-68767
-74662
6918
60829
38099
30659
12735
12035
42420
-31641
97805
24595
42359
-72031
35344
-92457
-57122
-68201
20419
-79391
-28977
18840
-33657
-29101
23215
27598
-7356
69674
56600
-43896
35898
-12162
65090
59168
-34981
3194
6179
-22246
-52067
48599
-53882
-54262
73194
72125
57360
24890
-20327
-99762
56689
-83556
88143
-55936
-64716
-29162
82264
-41501
82089
74908
-71827
-28607
-52636
-19577
42879
-87541
-44057
-92102
15653
-21526
69305
-20062
27078
-84577
-90671
-83376
-12452
66689
41519
50869
-16721
98208
-32687
-12226
-41371
69893
25908
40893
-55256
24349
-67847
56565
79395
63170
36988
-45022
-24371
-90717
-53471
-92366
55058
-84166
54868
-1512
98553
-19451
98760
-97547
-52762
-27017
36975
14165
54844
4288
-98061
13473
-9462
11500
-29282
18930
-31447
86519
75500
47948
49689
12488
86579
25318
5424
-66892
16600
76834
32590
87825
-8326
47495
-31626
-9566
-50052
99265
30718
86923
13430
1914
-92432
-84626
-68261
81754
26874
69753
684
79075
-27376
-91112
27028
22318
-62267
-70041
-36012
26805
46715
80593
-63657
-87991
68418
95313
-40496
20440
-97901
93100
19705
16465
80028
33140
-48917
-96052
48514
50118
69350
75388
36223
-97262
54463
-74796
95279
97843
31170
16660
-55846
95158
-23831
90869
-7897
79808
-97122
44169
91473
29678
64614
77220
22783
-82977
93690
19163
50163
44773
6759
-84971
11248
-91187
74065
-36177
95199
44885
72675
90478
42728
-63451
7138
-96761
15360
66955
-5892
7463
63115
-19361
-32011
54588
-73331
32603
31813
33100
33274
41855
52263
99794
2980
75374
-85177
14228
67835
88893
-5592
63039
33778
-32917
-30131
92858
87285
-6636
-87551
-64651
60319
73858
26460
23439
-29151
-5551
94379
64814
-56596
42544
-69377
76683
-82897
66534
-7171
-79912
58265
91300
17964
26100
80193
96020
-78157
30323
63108
59013
39538
50393
-31271
35635
69390
-70952
25845
95850
-31161
-3306
90304
-36777
-38487
-66292
89415
-24216
94039
-93477
42318
86868
-89741
583
78173
-71777
43040
74718
24248
-35117
-78602
-96292
-59752
-22712
-29547
76273
-87077
-60157
-78322
38773
35693
57813
19115
-57651
4684
80628
59710
-73192
40060
53749
16979
98735
56974
-72762
15670
-48501
39109
58710
9865
79709
23598
31263
67065
-19802
92199
-62482
-27172
-78521
61009
-21846
43900
-86941
19615
-4281
22704
-42992
60000
82414
67464
-67236
52520
84443
-68501
9494
95329
47174
60993
50790
-61412
70858
30504
45834
-81522
-69727
9685
-72971
51444
82513
15804
12453
44315
-7592
9160
-3366
55428
-35427
37290
31780
-36661
4754
-35456
15859
5549
-3952
41705
17230
-40426
2698
68025
65458
-10087
-68767
27649
92039
-54846
37334
-80932
96598
36199
-48771
-74592
80514
27285
34568
77148
82713
-84507
14443
30845
62485
35549
-4606
78344
41103
75090
20054
58333
-65336
39104
42710
83770
12665
-26057
11419
-62592
2750
65105
40129
99348
1304
-8642
-58892
98170
-81357
-7967
75323
-82287
-8826
6118
-51442
53659
-41981
27600
32008
-84526
2690
68414
57460
37354
7518
-67126
21129
36540
90470
48900
73948
93220
14010
-69571
8920
-51982
5435
50033
-53807
24083
25714
-62132
-41852
16888
27634
-9646
86904
-14347
17959
-64736
84780
-46647
3678
42240
74360
27548
75114
95489
80440
65584
-22907
54393
-8492
91103
68470
-99567
22774
73910
-33182
-14681
14345
-91116
90483
-27507
9420
-65531
46495
96324
3770
64454
31588
88550
1460
51618
-36506
75820
95523
-61387
-95987
75963
87845
64754
46708
-20642
-27786
15183
63439
-5012
5445
-53391
47603
-47506
22789
54438
92283
-35087
72555
38778
-22406
76325
19589
-74466
-2416
21049
60805
28374
-70427
72680
50635
17234
64995
-28811
81988
11708
34195
37850
43243
97634
-67162
65040
-55757
-3207
-82466
-16616
34879
93465
15593
-59862
48595
76835
16468
68184
-97626
97700
5585
63179
26074
-64842
-31437
-90582
36040
-66442
64255
18033
28914
98450
72235
88509
-71212
5078
53549
56679
85519
71083
-59937
36755
80900
-27992
76893
29500
-51152
-90287
-69612
34870
-92587
-64022
-69247
-50156
54784
-17036
42910
90829
83818
7165
25214
29089
-61681
-69847
33950
50755
18879
87504
7434
4403
-25061
-36151
57510
-44156
3153
34403
85344
-31647
27769
99380
-96777
-48466
35358
17624
-98622
-93501
-99412
-55712
97328
-99237
51453
38894
-53796
-93876
52695
-19846
-43121
71579
67658
64313
92334
26250
-55486
-17452
82094
31320
599
83790
99673
44720
83170
86549
96259
34885
20525
81285
-58616
-78882
25578
-44936
5529
93383
93958
-48267
83160
46653
15535
40039
34584
83198
-79291
26918
25800
32519
93114
7894
-3457
10070
91684
79869
-12506
-92442
82770
-16247
-57557
3295
65043
67475
24413
-93027
22539
46294
84004
-67151
81675
-132
-4141
-70081
23560
-69557
96765
44269
41014
22565
93140
50480
-36837
89688
-6746
-28801
85909
48049
62405
68679
-51846
4853
-95322
96845
88680
12744
-96182
11224
59038
-95821
-55927
57070
71343
7228
86989
11255
-45972
83754
-11772
-88606
-60977
81373
-38126
85834
-12587
-44867
-42967
56970
-80466
-80562
-41647
34984
7939
-53321
-35462
96624
59423
52004
24200
34818
-43817
68273
8240
-56117
91858
95229
55138
29534
95335
27019
-59072
-65642
24744
86450
-63456
95805
-58417
60873
-14521
28413
-3337
11128
79754
-79041
-25841
27940
17583
-50061
79944
41783
68405
-47516
-73592
76645
63663
-65382
71874
-64847
47800
67209
-21476
-11272
-82081
-96732
75183
21759
99073
414
98984
-99096
45184
-88001
-71616
41290
254
69844
69230
-65811
-80217
-18122
-7676
88188
1658
86033
64833
-18327
4299
53059
479
-15192
36620
79003
57184
54539
-1372
-51281
92650
-85947
49138
91634
82258
-89326
-96367
94290
51964
-79756
-3162
21194
21729
269
-80576
-85942
-95191
4735
-83557
-14006
86408
-62906
39053
3239
89198
75673
-1401
-37261
46564
80875
-88542
39214
-5072
44244
47200
60834
54918
50838
-12167
-76766
54730
-31681
44428
-90837
68593
47505
6869
-10246
52240
6960
43049
55000
44059
98454
58244
-50391
90484
-43157
-87652
37048
-62282
7459
92619
16294
51703
39819
77133
22978
-92991
-18682
29860
61739
33285
90645
54555
1878
38150
61424
75285
-76906
-98907
-48962
-21906
28800
33140
-63662
78409
23624
76829
-92886
77029
-69101
-85427
69648
-52802
49924
-74181
-59317
-10746
-67167
-94351
19119
-89076
-61066
9764
-34521
-42831
-19382
26908
32454
71008
11649
-156
-34546
-26847
-67016
69093
35210
56613
-37726
42324
49994
-6822
40545
-64006
-75976
-76822
-38187
32003
96080
78294
-45996
15199
-10777
-7062
41315
21998
17403
-78067
65258
-33791
-90707
-6741
33349
42048
50060
66338
27493
-82021
39303
-93881
-39697
-94351
66593
-99147
-58357
-93031
-92321
-12896
22620
3759
65403
76624
18963
38274
53215
76630
76624
70618
98568
-41761
-46816
91509
-48502
86533
49909
-98437
69223
93754
86838
-75122
-122
30789
14175
-17177
-52006
-44182
57093
-44327
26575
96065
43085
91978
72694
78400
-53396
25909
55030
23228
12879
53598
65115
-33937
61464
-83382
-31047
27725
1829
21824
21484
-94981
-36941
-62286
35808
-22766
87833
67455
353
61278
-76872
43280
57348
66213
35258
46394
44613
-1786
72303
99648
5090
1534
69598
70210
51250
47414
86828
20203
75144
-94991
-41621
12980
-89972
88734
-49306
29484
65973
-45121
-70357
-17322
-67486
-63576
25958
-93786
-81011
-22432
-47392
47255
59430
-58737
46903
64520
26445
32853
-32566
-89601
-3376
-29386
14250
71768
42919
-27366
84748
-30701
61368
-48206
-1212
-56307
-93327
-87921
10019
6483
-51497
-47671
-70951
34793
13545
48953
98400
72975
-93432
61655
-29796
-66982
94508
4934
27065
74780
-24447
41320
46548
-65176
13954
47648
71424
91674
83090
-13436
19020
89768
-1357
-38257
-87397
30799
81373
8953
81944
11270
74258
80344
84250
-2817
41999
54454
-86151
-47141
75740
40914
27644
-48707
-85062
90544
69770
-54756
54549
-26102
-63077
37639
27758
55943
-56241
10049
1334
40015
57200
-941
65320
39144
10334
55930
19488
-72712
-46887
77839
65390
50610
30703
41130
91529
-25301
92428
-77181
65243
62198
35364
-63856
-47552
55935
73788
63854
11878
-66101
90255
-70436
73914
47460
-71372
39234
86604
22610
-72127
22449
-50102
64634
16640
15288
15249
47343
56418
23130
5690
65198
-54051
87290
43748
81313
-76566
79844
53600
80870
43698
65478
-85226
50310
-88601
-11312
-69526
23675
-55721
-82922
-21011
55800
-44121
12535
20434
-27476
27823
35683
3515
593
75165
-58086
-17852
21119
-70796
9544
-81216
-47362
5745
-27611
33513
65795
-45781
31935
16105
-34382
20623
-53421
89293
-18746
47310
51930
-62946
3189
64465
-42507
75713
8640
-90472
95585
9238
84698
37499
-92262
-77831
-33297
-66366
-59047
2989
-60621
80638
-47146
-94821
-48786
84789
21284
480
-78231
67868
89778
-96977
31530
41708
7378
34719
22530
-18777
26789
31170
74399
22374
56760
-24551
59873
-35502
64914
-57072
65433
89520
29565
-78836
86510
82424
93639
37724
67213
31280
38209
-94666
99148
-55661
75658
30678
-97601
99388
81749
-75071
-3037
8538
56104
55010
-52736
12864
30464
-76511
61015
11730
33713
42800
-66046
79635
-36036
-79531
62059
57608
58193
-54376
5240
-87246
-49037
20740
-42907
-57027
67770
26793
26009
49519
35370
-60676
74414
91474
94334
21678
20695
24798
28820
81710
36533
78885
-42786
54135
58520
-78822
74604
20579
62434
-50846
66208
67674
-38092
-66477
88414
-97346
-39856
56184
13095
-13847
22060
-18831
9125
96474
-27352
3459
-65496
-6657
-55386
63324
75053
-2501
42214
-51381
-48366
734
37093
26243
37670
-84116
-8251
20230
83558
20953
-46247
88329
7255
81193
60865
-46946
-16302
82925
1524
-7177
-87897
-9476
79930
30260
67515
24544
93584
42568
-77957
52150
74835
57330
-14407
11928
83573
23263
-55836
-8326
43493
-55921
96275
-86402
-67592
-63761
-88857
-6727
56589
78489
76203
74465
-12336
71954
-35011
-32406
-65082
-67496
92143
-55141
-8576
-69462
-2991
66259
-12132
49898
94544
-12207
-10487
38708
46763
-50642
66435
59395
46604
-1157
-4366
41395
75769
52223
19884
-31676
43045
-92452
40278
-91966
58795
58849
-59457
67290
-96292
99263
-2172
84365
81879
69349
50620
76423
-26506
-59867
-68517
3910
73144
97923
-3991
19748
80414
-8357
77500
56183
27514
-69912
-59141
70559
21289
-2506
78598
-87212
-43657
2789
80078
43699
18404
61554
-39232
16635
47255
-88612
9410
-79246
35174
40898
-75336
8318
-44827
-79327
44418
19235
-4036
38270
91775
23478
-31637
32634
10394
-93996
-69872
-94656
2440
70119
8133
82518
30170
42889
60424
-9057
59529
7684
-14021
68939
-71562
-78847
26189
36750
13119
65010
-42577
73894
-83046
20683
12164
8729
60513
-3121
41363
-12741
-97117
-12152
-7397
-94677
41615
84384
71489
71790
43630
31918
-37267
3159
55954
16008
88450
68040
-46482
14644
4790
-17011
79654
-37787
-43117
96608
-752
-14596
-78311
43409
-17717
46705
30673
-31181
-65447
6924
57790
76168
7665
-38012
47958
51295
77554
-72957
54454
49860
-40592
-24392
17900
-3426
-93396
22690
46859
86263
84903
-79901
-777
-99497
-94497
88213
-39736
-28566
51270
74585
7549
85823
81514
-1952
-21657
89179
-56316
9954
-26822
21238
-46651
11280
71098
80053
86888
88998
-7021
77145
28040
39843
63408
12943
43590
-21017
97094
49093
50844
57358
4175
2114
31948
-55567
-95711
29814
-73871
66285
35345
37109
76239
-91477
-25301
29588
19803
29445
-74002
23043
18443
86273
188
46483
-57532
79948
75778
86058
42584
89224
-48497
9780
-37066
55683
-55397
-88766
83764
32540
-58952
9893
98825
76393
-36646
-92232
68564
-61947
21009
4719
-32502
30655
-55881
-97707
33280
-39341
-34872
75753
24260
24554
78163
-452
30130
-53977
9328
93064
85354
37579
-95697
85470
70124
28999
95363
68949
-78251
42365
-6926
90313
-19582
-85917
-88611
31564
44738
-44492
-49791
94370
83463
82633
70123
24075
23539
64643
-76377
-13627
94314
16604
63085
96020
70535
-32612
81490
40659
80040
76853
25965
-98211
19218
19039
75750
-84012
16770
87139
-36096
77860
26295
81409
72230
26115
80394
58710
50190
3933
23353
73818
73954
34019
6774
37039
30039
77309
-79216
11529
34325
-99176
4734
-7006
-97387
40304
-87967
-21637
-27356
28803
-18141
3844
6663
8154
85253
78893
34269
81999
53955
84464
-97716
93660
-25366
76238
27679
81408
29629
74070
-24931
-49587
-81697
9394
34885
6685
-97612
-62502
46989
-1931
99514
-80367
10520
-18627
-60171
33535
73175
-58566
12433
7449
-76567
82740
8265
9365
76405
82899
85603
4084
-19341
31589
-89137
-44272
65650
-87186
48775
540
19504
51163
-61962
82845
-34411
21200
2483
76109
2573
25960
9649
75753
-32601
38434
99554
74480
21174
-59477
83850
97579
7070
85805
18020
87729
17394
-71117
27105
-84247
25345
-91416
-83707
-22447
43400
37979
-39597
8989
-8112
46534
85098
78109
-94802
-88901
70214
56245
-50467
86120
-36566
54360
-73357
-52716
-15357
33713
-66911
-97337
-62206
50488
15194
64904
49889
-26752
-26512
49830
-65551
16888
-79487
62148
-57771
96049
25034
10980
74163
-53411
22079
60729
2834
55265
46854
-33732
-57671
-10151
80848
94268
7215
-69706
-86712
-54991
64430
12130
-90087
14319
85378
67054
-3147
3480
294
1014
81980
-57472
97068
-60277
53508
87583
53608
91939
-35336
72794
-20092
11518
22715
89533
85020
19915
158
92235
50209
-70202
37244
14639
41928
30810
45310
-56337
-69432
42163
-52857
14510
59534
-70877
57038
-27046
52494
26898
44185
-77546
-64806
8849
95253
82398
-63276
17968
88288
21744
54235
-95202
13979
4449
18244
51223
19088
-23476
98385
80755
87483
-71047
39270
18274
43468
98804
-36246
16858
-28242
-83752
-39887
15943
22355
62603
41149
17608
61353
-22127
51928
-34007
83265
6163
54439
-70052
26964
72683
-2477
62409
-34436
-4087
43164
36695
8514
82434
-12322
-31666
97595
35080
-98451
69353
51328
28958
-98347
73683
7913
26450
7643
-14382
4323
75923
35264
3940
98443
6055
-66112
-58241
95095
-84941
-95832
-39341
94620
-36316
97354
-64157
-53877
68680
87825
43718
-63536
-10626
-70577
71445
1980
-85276
61480
9893
41174
85480
-88132
61849
61403
30780
65789
-23802
-30461
-83971
1610
-35366
-68907
-94222
92589
25713
36763
89948
45204
-762
74980
33034
26604
-88551
-77592
-27621
82894
24393
-12892
44374
-49362
11930
29854
46154
-93512
7614
-90362
55925
-99836
46478
71959
-98226
94760
-80596
91205
-79942
28765
44320
93654
73974
-56442
-98662
23360
-13486
96435
-54232
26189
79329
53809
96945
23708
-79196
-58416
69914
66958
15368
77528
60249
87645
-5951
-76921
-7692
-4177
17839
79008
-12972
21545
7778
-68652
-52097
98104
58554
-67106
21464
-54932
29329
-16416
-12386
8663
37398
84559
48723
-25446
-73857
34989
25160
-42137
-71126
85409
-54487
-77077
8488
21469
-97606
-57316
-83166
56723
-35771
-59036
-95577
95785
-60932
46630
28679
-23116
91698
58008
-39532
-4336
-16977
81514
-19772
-51902
56068
90019
66740
81233
31535
95614
82994
77048
2185
-92161
-85131
-95421
17819
98999
-22346
82048
-60037
65730
77833
62679
12360
-77136
-60437
20410
-2771
83684
-83921
47548
65198
63603
-87997
37623
-30026
-21257
-64792
-98491
58005
1850
-5091
-7106
-90311
77079
-2527
27508
92430
58780
25913
32398
24510
20098
-88571
36870
-40681
34645
57280
23844
18329
73359
87744
99879
-46686
83395
-46146
-76707
-37862
56358
8450
20143
74565
-96636
-70611
84254
80443
94163
-71881
72873
52943
-29616
-78377
77453
74130
353
30675
-66551
34998
-79341
-42707
69679
-5977
28690
69558
30985
-55211
7065
-45722
90580
79775
-37267
27075
54340
49745
-43531
-28697
30188
34280
83070
-80587
3575
-46546
24689
97380
-72416
-58606
-39241
-38962
-7256
48714
-98021
62423
-40911
30669
-51667
90079
-24537
55398
-39291
66043
51530
7090
93118
-61426
56835
33235
77173
87023
-99781
60243
-77207
-96206
97345
31130
1174
24934
72524
-38067
69620
65268
-72996
71599
44043
-13907
18625
76024
59820
94088
47779
-79466
-23517
99309
-72376
53249
-62117
84464
-80807
-68587
87839
86708
75304
-73016
-93141
-94642
58114
8033
13940
30638
53619
-83736
12258
80623
87863
-27347
50364
6488
-34966
10189
-83072
12813
30723
77059
28474
-25301
30313
-17291
-40837
-34142
81418
30655
36214
-26921
-42361
43073
45733
-84242
-32537
76025
-37252
4730
92289
-8637
85353
-3496
47664
52069
-80651
12698
62258
3573
-58137
9333
96989
53985
67685
-56346
-63301
26848
76808
-65531
73855
29374
74844
31499
-11196
36929
-36391
39915
-54342
10005
44645
21595
-98632
46350
18104
-34611
98419
-62547
61735
77034
-42622
3603
2719
38015
73940
-96892
81669
10639
13609
74829
-54887
87464
20560
-63691
35315
9364
-26757
-1076
49279
2549
-91066
-73372
-43147
93950
-27022
-8691
-40661
-12251
96058
-78921
64783
-30212
-58966
-16141
7808
-85026
54263
5829
-74382
-15776
97015
-45621
71693
-49721
57984
23360
-40357
-52421
-77711
92570
-49867
98519
-80802
90634
-74827
75824
-18057
51813
63573
-5647
-10756
-55287
47789
97574
95868
-28051
12548
66483
77783
21814
-32936
91150
-23807
-44891
-58571
-49466
-21531
68368
65409
68054
77290
-68106
82925
96488
-77472
-91897
-11336
-11881
-23732
-31411
49768
49160
80598
13914
46734
92818
-14137
-24366
-24342
-20002
97453
10018
-28852
57294
48775
96225
7828
-72756
80945
-10406
95303
58235
88784
78228
71075
-72331
-97317
59739
-84212
62599
-71667
49209
11759
92579
79475
74845
1754
-34662
50484
61060
28989
-35711
87430
-83511
21583
-31091
12719
-54232
-3847
93664
2658
75104
-15392
7794
69689
-44317
35463
-11276
99075
34904
-48672
27408
465
46735
36339
79940
21585
38093
45278
72069
15505
-9381
36358
2935
-92887
-25707
-28156
3480
-96291
51650
97144
-77281
26754
-1896
30518
12795
21088
-17667
1524
36515
885
36500
80275
-65946
-84061
16614
-86006
37524
-28936
42925
9593
-13431
33544
-37697
89509
24305
20249
61353
-39511
-76042
13003
57638
30330
56114
39390
60848
68909
76830
-40467
86785
13345
60423
23285
93620
78125
39229
-57057
92124
76753
97655
-32247
-97297
-15776
84945
48654
73733
-58041
85255
-48557
-97552
-90782
48094
43734
39548
4208
83129
-83252
89474
59959
59929
76259
-93987
36704
-67747
99633
14834
55130
26224
23310
31883
23879
-8937
-49062
8108
-23992
-84051
-1807
1615
-98796
33284
-95932
94070
81383
31450
33618
1943
-52717
-33282
7769
90895
-56996
385
96908
-20292
32638
-87107
-89106
4120
22770
-65796
52355
-20647
92563
-96702
71109
-15072
2895
-14341
86543
4099
-81057
74259
-69122
-83322
-61582
-19152
-65022
-30651
-68781
26395
60244
-25777
-40516
-26496
-62421
-91526
70050
15774
-87406
92820
-50022
-35046
-27827
-41102
51900
-40361
-72526
54795
-54702
97665
-8402
-52111
-95367
-93876
48220
-73301
54273
-16802
-3952
-98156
9593
-27351
43363
52730
-53847
64590
-38796
-83797
-86932
-26197
9023
-53301
6053
-2447
72893
57953
24488
-83281
29100
53434
-85616
-79302
1323
2665
10475
49543
-70636
81100
16389
9065
-17056
42339
81714
-57341
-72227
11515
-92751
72625
27723
87618
-53572
-46902
-49331
36129
-65701
-60086
-89566
-24861
23929
39534
28573
38313
-23411
46253
40983
-12936
12148
-13301
-31836
44894
95764
-48892
87233
77478
61063
98654
5350
-15336
71279
33073
-11366
1360
-97477
6599
37489
20475
46513
47928
95614
86794
3814
40544
-58536
-19597
-96851
-1201
34763
98945
-14502
-80721
43839
64915
37683
47424
58745
15098
46078
64095
83415
-66286
13520
-27951
35074
16048
78653
88915
36523
-58482
53195
48489
-55331
57014
89033
-13867
21065
-91466
52228
72185
-92516
21374
91464
51323
-81007
45504
-84896
-22257
-23046
-22466
-58162
-39631
-88752
55363
-67577
29970
-12237
94724
-48406
-59362
-47406
-95211
72775
-2737
61803
78165
-32956
82873
-13301
2920
71410
-5817
-42997
62874
-38137
59644
8378
44263
21035
-98311
-61851
62878
-37942
16698
-65407
-21871
63020
6004
72853
14614
30290
-58196
-80592
-64231
6363
64859
-86066
57060
64084
-99362
-7316
-31802
-21531
33335
14725
7628
92984
39455
68243
14019
-58856
90045
-6751
70503
23095
11490
-35016
-81181
17494
21490
-66562
-19512
63294
36494
99910
-13991
17705
-86156
43069
-85502
98130
-64242
-33656
-23396
69093
81069
-99416
-21571
20529
52480
92453
61673
-24771
-97946
48528
98324
13549
97165
-82857
31043
-48641
34229
-72112
-85347
70723
-72202
67958
4785
25290
27384
-80717
23425
-20506
52923
29
32235
50349
-99387
10669
70878
53093
19474
48903
-55326
-78472
-86212
-57002
18725
-89047
43794
66125
45960
78023
-5987
-39387
65103
5459
-55077
69888
30749
55955
-94477
-13122
-64551
42094
70555
67689
8795
71173
78358
79673
40618
-85816
44933
68945
19360
42369
-88057
-29206
-30326
39385
-63081
-84366
33765
14580
59895
98868
20039
-95182
85108
67140
60778
74279
54023
-87421
32725
24578
-19732
41525
12103
-25022
37550
-30922
56458
82483
-61977
92175
41204
33614
-37031
-89122
-94292
-112
10160
-60527
14468
70055
-45307
50859
74878
-43847
17999
-47992
-53216
-11626
31883
-20491
-70691
-71492
21034
-42236
-12866
58589
94138
-40051
57424
-51487
-47876
98633
65780
-84907
-74137
71488
98629
36028
-72687
-70551
22435
-34346
-19692
97313
5455
-85341
-34327
-47761
-96962
-86087
-68252
99643
-73931
36435
-26241
-86797
-72272
51550
40448
68800
-99937
-91076
83785
65843
7665
9653
-46317
6294
-37967
-35356
-64257
-15532
-69702
99699
-1862
35753
-85637
-52541
71640
-98951
45020
3393
-82956
71089
39828
58099
67945
-16092
-57647
24745
52708
26069
-66326
36498
8264
-58661
62503
-21696
47638
8184
-57052
67029
-90996
-43101
83085
74438
-90996
-2552
-61746
80649
82145
-16726
-99606
99189
-45632
-43426
73640
22313
7778
15998
47058
76838
-41581
-2916
29688
-33317
-61572
-91457
28635
69714
375
-28412
53095
9384
12135
36180
-99826
-78861
33628
5724
-98212
15773
89003
85830
31314
-40277
-57596
4959
-1612
-33466
-62691
29094
27025
-4272
-73817
56713
46059
48259
-18387
74699
17973
81988
29935
71068
-92276
-25226
23605
75199
63209
57233
97275
-18646
89363
2630
-32816
-62971
-37647
76889
41988
-55611
-56577
-4351
73488
70448
75025
-83977
43518
-46207
47930
8779
12140
82255
-92881
-25221
53323
-85152
16849
93280
73695
96410
50518
-96326
-22236
56233
-93691
12249
-90386
52310
89138
35255
96704
-51087
30904
86544
-64282
5934
86215
62884
43375
-33151
88015
-11781
-50896
95134
-37002
-81221
93630
-3801
-87936
-99971
-7391
-21066
71004
37674
18815
77313
66275
-71571
29623
71765
63684
42679
-79322
10945
29223
40044
-50417
31790
19280
92958
-1361
7295
64825
15039
-64862
27823
33823
-71232
7670
29535
96098
-99721
-91531
-16546
37953
27284
-22881
4228
55713
90390
92345
-64246
-34222
13028
-53301
78649
-30576
63578
10444
-11291
-27112
-90917
96004
37713
-59521
14790
-18112
57950
-56437
-10442
-79811
-43987
73485
-71342
23115
27795
-27706
-99766
48375
11655
90624
40725
-52591
40050
53753
-5892
18704
6825
41334
45500
95534
-69426
54583
91543
51935
78710
22685
33823
-30636
66248
-60267
-10447
5909
-86777
-98141
29024
41018
41449
-70742
5745
53109
-63761
46470
518
-23711
16575
78279
94993
23405
35965
40493
-48357
-33456
-88567
-40462
18479
90143
-17772
-31341
-24136
32124
75688
32713
54390
-94737
-49071
83414
29929
-7622
-70971
35679
-38161
32564
-85147
-21286
8853
-68567
-43007
-79797
54838
92958
-22952
90129
43150
-27871
-33976
61634
-21371
31900
-69707
21789
64024
-77667
-29146
-48882
-88751
89079
-49111
-58822
-2186
47214
-6791
-40347
96130
75363
5663
21335
90444
-20992
-58462
-38366
-11677
2239
51763
-68527
-25632
1435
-90541
36645
33335
23400
58434
-69932
-54262
-70707
64834
40635
-65276
-84277
-18187
99834
46585
58675
-24156
-24581
50390
-2141
-3241
40834
60520
21945
2468
-51157
24184
70583
63964
-85091
88375
-26572
-48446
-45586
96828
-90007
51778
-41082
22934
-67031
-447
-42342
15988
65019
-26151
78930
23694
16989
54349
74084
-85152
51108
31270
-24632
73058
50090
7859
13594
37025
71828
28503
25400
28904
63710
-20181
42084
73703
-52051
84655
-87011
-19082
-15792
54295
-86737
32875
-71856
92193
-10727
45133
-37106
-20291
-23662
97655
10979
35354
87065
61069
43218
-66637
98099
-68602
45519
-43797
-23346
-58067
3318
-81262
99284
-32376
-96607
12273
15838
71254
82920
12749
4129
11069
-78706
-90241
-27446
-15807
56764
32540
81848
67748
67899
68913
45169
-72531
-81372
59620
26163
47795
-84172
86465
89728
2794
5203
-94636
-29582
92249
-66011
-97387
63503
16914
99010
83984
27983
20309
93743
-83111
88150
66864
-50566
69998
-49036
-82667
55263
96133
28450
-9757
55758
54613
-61957
55234
57430
11419
74380
62633
16788
44803
71234
-32871
31064
51089
-15957
-37222
51430
-71622
66735
45173
12568
-12411
-71611
45650
-26061
-20647
62983
-54446
59139
91433
3098
-68751
-37602
-42507
-13517
19828
52560
60863
98813
85700
-77982
86404
52834
36730
37493
20525
-487
5275
-51092
66248
50453
-22172
37490
-4806
-76522
11429
41848
70109
-43012
17339
-22106
43734
-51412
23940
84875
18719
60120
-29861
-4066
75285
55844
85253
61689
8678
38335
15539
45555
-62152
20814
94463
-79547
-12381
55939
-42057
-17182
-4231
-14276
8314
65878
10008
42005
-39876
70094
90593
-15936
-12327
-74336
44184
25113
-78402
19474
97309
-76797
81163
-77661
61543
13054
-32106
83039
33873
-21286
-80156
-62156
-65347
45083
87958
14075
-52836
12624
79953
40820
54629
23730
10919
-38426
7794
-85056
-12762
51983
-43591
-7511
87809
-46282
99340
85324
59705
60883
98383
27604
60279
-51392
-93682
-19877
53748
24619
-58437
-41937
38694
56023
54335
-64996
13195
-58327
-41266
-43182
70543
-33472
39063
41434
-65137
79120
33923
6320
32843
49615
91649
92548
26855
-93616
-63496
87134
22288
10118
-16391
92388
-48906
8820
34099
-10212
81195
-78857
92088
94395
-53536
-32826
-48787
-66641
1003
-93372
74793
19514
-14247
25068
25839
-65052
74688
33840
11144
1543
-59776
-52347
5029
-21136
-25877
88638
-12396
8865
97463
21708
-1342
78658
26499
-92902
73053
72963
41573
-59377
-77326
58928
-69101
81120
94794
300
6188
36985
-64752
97228
70825
-37251
15123
11049
77698
-63496
89913
-31827
-58501
61170
-22957
22610
99230
59349
17620
25729
50095
90678
15044
8020
-52347
-62282
83300
62200
18838
78099
62505
-58617
-52212
97753
-45037
-81382
44150
53739
-53981
38200
90243
-47711
6378
15390
-86541
67069
38000
-87311
26418
55625
38418
92865
62655
69814
-66406
10308
91180
-83106
72508
10023
94993
35013
-32242
26434
49123
-93631
-38596
9625
-39892
74719
-19466
-33292
-72992
70560
-17902
24115
-29667
20103
36804
80399
92080
91574
-94032
54735
61388
6858
65043
68925
7405
53903
95300
18750
-94727
63058
45184
-29252
53075
-93412
80373
13188
-2336
44555
63544
8320
15115
-38006
-34856
85448
65745
-98052
-17801
57825
-90121
71820
-54736
54915
78678
-73341
-43456
2435
64215
51844
21190
69488
-68746
-922
23884
-15666
89319
20609
-86126
-13017
65169
-22582
-4697
-87012
6708
27743
82089
88810
-53952
64288
46635
23223
36108
91904
94490
31143
-81437
51039
33578
82778
2883
71120
-31382
17790
-29797
-91146
2124
43170
-70532
-84002
-69847
-89011
77064
9104
91273
124
53204
89714
88934
-84396
-29641
-31722
-44821
-77181
43830
49669
37610
62393
708
71193
61528
19948
42313
13794
37738
-71132
22653
-43786
-27962
-31527
55860
85839
46758
32924
11300
54383
33048
-2792
-39546
38339
80108
-69187
90265
18935
20928
-33201
-98692
58543
-54456
85669
-53912
90720
-78031
-95247
-62777
-23941
17274
43524
-67727
72960
-71651
-11867
-8492
58755
-62591
-97192
29490
-13191
83664
-10056
-74852
-19876
88053
-84587
99059
-74662
65860
84015
-99767
-88591
-97612
29969
2129
91653
18370
23000
-15936
-31652
-772
83633
-58687
94873
-11882
16469
69980
92823
-64371
99475
63285
-80707
-10581
88433
66713
-6171
-79797
82124
2815
-13937
66139
-96952
81120
-15116
16665
83254
-7111
-32261
6254
44254
3388
-78161
44239
-38947
360
16010
61170
70345
25185
96799
69820
-78826
99740
59239
93260
82805
53068
-86537
64929
55883
-16826
47420
-24717
64299
-67696
-8052
47553
92494
43340
70159
53100
46728
91998
97339
-75867
92363
13349
85303
79060
-28757
-1546
-18416
59713
-1806
40823
69325
80999
-89752
-17212
45928
-17517
49615
9700
-58581
13914
-57991
17015
77819
34503
60355
64330
87603
23435
56333
-98706
47568
65048
14648
-50777
44108
-97757
14973
-57956
-21692
-70481
66515
-52362
-89482
76763
-85926
-27202
42899
63689
-17497
84318
77603
8160
17685
71774
42663
-89251
-31187
46618
34184
-58502
-35736
-1891
-77102
62560
14628
-16642
64803
45958
92698
26764
59125
75565
58050
69648
52333
-27876
26094
11584
35818
92245
-87746
-70227
-66891
-70061
-82096
59420
7984
70365
22390
42173
-88137
-13341
-43366
-81591
49219
54910
69063
-69621
17220
78113
-42857
76350
53678
-84807
62350
-77637
70965
88444
17595
6783
-86602
29849
-47087
13803
-40207
54465
89580
-15871
24830
11970
-57346
36693
-1371
66584
-28546
-52147
-45797
-43131
61880
-28577
18630
-80977
47773
88660
17864
10123
-88972
-78467
14924
28623
-55327
11970
-25171
81234
42125
18270
-31597
31705
2399
-6767
43680
45058
-53722
42309
-72006
85028
-93486
65845
25545
-31606
37273
-23121
71065
1398
-34461
-78367
27878
60215
26819
-40846
88843
-12156
71124
-19976
-30922
13249
-1706
-78871
44959
693
98010
-78657
-37897
44288
-19996
57398
-54332
53819
39595
71213
22213
76868
-35556
93283
-5377
97279
-68732
6149
57499
-25561
65303
62694
29579
-47221
-57282
-84991
66028
24660
-63862
-72661
25353
-65852
32330
71109
-5212
-87661
44859
-75896
66158
84454
-88331
-95277
77679
43409
-85642
-11346
57045
-70721
-5197
-52752
71014
-23542
93590
16950
96533
36308
-68041
78913
60968
35398
-77391
-97327
-14102
-45061
57430
-35661
-32722
-65007
-11557
17084
3100
67413
5460
-86517
27174
-80182
69433
84219
32745
47884
-52181
-63532
-59306
-58591
53418
-46421
61365
69025
16140
38685
4423
-61251
-58637
-93322
60989
98793
38313
-55381
17439
-56892
-38292
-46757
-73127
67168
-49626
37700
70634
3455
-45377
-63912
-15957
69743
56204
92033
-72496
-74026
29260
-11126
94999
-21896
-72441
15779
84154
52570
6105
61495
67720
60770
-93886
85159
-96122
35118
-45246
-85596
-81362
72424
52104
-94371
-91417
90375
25365
-23726
60118
-85727
-15341
-96021
7543
13919
60149
18894
-7977
87708
34673
59825
56635
57130
-45976
24355
17900
27439
-57782
21783
-21091
64268
-47461
81200
-46956
-95357
-13171
28923
-4982
12194
-78451
-28507
10115
-93792
42768
34010
3775
19269
52904
95798
23329
3934
71980
79964
61064
-73996
4319
-88327
-46557
30185
17104
16005
10805
69643
97205
63849
57934
84034
9124
-30696
12580
-69327
24445
22695
-79471
83565
-10591
24304
2834
-57687
-63541
42520
-37401
-91561
22484
23668
-65557
43160
18989
-28461
-93951
52445
87544
-83141
22088
-82547
-19292
96374
85135
73485
-34322
-69581
4158
-9872
-46886
-58956
-26307
9819
-34652
-7116
-31516
85455
-64596
-68912
93894
57888
38404
11990
1048
57393
83529
-76546
26190
71073
7609
64630
72174
-95331
61004
-9987
78154
10330
87728
-1331
458
-42806
7009
-9492
67013
-11291
67040
-48151
74169
-97556
50233
68063
-23316
-95011
80053
61385
-21266
79934
84839
4924
-32641
8800
69554
39533
-86531
30558
13194
91628
57245
17274
73945
74055
-25532
-86342
64563
-42167
86015
31603
76983
60184
17695
-56432
44604
-5616
32210
41009
55769
10944
20948
56960
15873
71955
65760
-98221
11493
79229
-51306
41039
-12791
5939
74670
61154
79994
-50862
-8836
-39086
90624
77184
76165
-16041
53720
-73431
11175
98324
-79047
-23911
39338
-6926
-12962
76638
-49966
86559
64945
15794
88338
92790
95023
20680
33834
-1411
26619
8504
59743
22970
-26006
34560
83884
-35382
-55552
60049
32225
-1832
86618
-23891
-87151
-76077
19494
-31461
84293
-77116
28825
-49321
9443
93770
-33527
-85862
86565
-22147
34818
-46897
43738
77794
-22041
19833
-66532
-48047
70745
1000
-99776
-84807
-6247
32449
97014
64024
8558
-90137
71595
44409
62050
72245
-32707
-76421
-77076
60389
17349
73050
-9121
-63382
-49097
9345
-26631
-89007
-80157
-48672
14474
-63041
-13066
-82072
-62041
-12842
-83231
15365
3255
-86217
79389
28170
7294
-16312
72579
-97952
-44067
23520
92923
62510
-83387
-73371
-31736
74788
30543
86463
490
87565
-86192
20333
38893
-55366
40945
9475
29858
78904
-3367
-37016
94269
99893
60415
90010
28063
-99582
73703
-83006
-13886
-54012
-59486
62690
-91502
24428
-10681
44058
15568
3510
46873
32410
-76221
-22967
52748
46325
5320
93693
55800
51530
88949
52438
-85486
99575
-31317
74934
89585
80394
59000
63288
-2612
-54886
92929
21550
-92196
-82221
62330
64419
-21806
94255
-99362
-58581
26665
91713
2105
79413
54390
7425
89458
-57101
-8341
94764
78985
73474
94339
-52332
48408
-83372
-55586
7408
-3727
25450
-31126
-94446
47000
43979
90629
-57961
24750
68823
-63706
-74612
-73401
62959
-66542
-71296
-41271
87848
36129
-35461
14395
-72212
-40697
93380
-82386
-30006
41048
-17626
53923
69110
-93866
33844
94560
42309
-60602
-25731
86288
-53621
83604
27390
-68441
19898
52783
25454
-791
69889
54158
-42062
74089
-93361
6130
88489
18075
-34567
-85427
-64306
19080
39274
-81932
73003
-58912
91503
23199
-64347
-49836
46245
77218
-47196
92624
77174
-19806
-75817
13424
16625
33285
-87367
-80782
87443
54224
76960
-89566
60354
-1847
-71486
-57861
-3626
-35792
-38781
35648
-34076
17870
60389
-26221
-26227
79690
91239
20018
73260
-55957
-71001
-16862
91538
20478
80210
8163
70120
92843
11034
73915
63419
-79302
-15646
23773
-97501
-87132
49565
66169
60724
10784
-81826
26648
-38637
78563
84080
-81216
58253
75319
22455
47865
-64281
-48546
31003
10905
-11716
27565
35420
-41596
20408
-20842
-67676
184
83504
-83322
-59691
-13997
-86806
89874
-31471
73918
663
-13297
-83082
-21622
48914
-99002
64458
23519
-7326
3265
-95912
95689
-45281
18739
-60702
-56992
46304
74718
85060
83064
37529
-82616
83248
21033
17710
7210
-76607
-69096
-70212
59218
88470
-53197
-37727
5393
-91171
94835
90039
-10356
18354
82713
-7091
6090
-5246
-52367
-42467
17700
-25711
87485
92423
-40651
70549
46304
-23262
-29846
83689
-5552
77364
-76566
9005
90800
66300
-69821
37608
-71427
19220
30085
23408
9264
19729
58114
8329
-87357
-3092
3088
-56076
-61911
20788
85509
-74426
29563
44858
96128
-7781
5244
49930
75913
83345
-40002
82995
92350
-49202
-17996
-77471
-95242
94225
-58246
34848
17638
51018
-29071
-7896
-24301
50868
56313
62435
-88856
78050
99580
96653
3629
29143
-42132
-83891
-62281
46760
-33961
-70016
30105
9685
-87021
-44841
-39517
-5017
44989
48894
-10787
86743
-99906
90499
54113
38319
82603
13460
5544
55268
-91396
-83312
49675
-91816
-70302
53304
-46321
-28786
69413
58694
-82026
-48196
88678
48084
-38511
85310
-96757
89268
80293
-35416
54514
53154
-32321
-45392
60005
5440
-90716
58965
-48391
14828
14233
27509
15164
63908
35693
28510
33564
-94276
99724
-80671
-35577
-82297
38429
-30547
49435
-82
-45237
52678
-94457
18709
-66381
43705
88215
68594
98318
48225
74039
91250
-60106
-74352
6078
37775
-30491
37594
18040
-78446
-1187
51604
94574
82185
70938
-24651
99888
-74281
12103
65675
9290
-16782
18358
-85167
-81721
35625
-41462
-93501
4219
-26792
54724
94610
-35542
-5382
-79742
54184
32393
73415
8135
50433
-5031
-93052
18394
89548
89133
-94316
48545
-94622
-68597
60648
-28947
-59307
27519
-94237
39174
-54202
-58612
-85931
35945
-38036
54573
90669
-43426
2684
-98361
60485
73220
17685
-33396
81355
84470
28874
88303
-64432
-65226
-6207
8548
83319
82819
-43692
-39676
37520
-19351
87843
-56712
-80172
-50007
68324
1193
85943
30288
-27882
92964
-96781
-8846
-5392
63704
-35621
12293
-69692
45734
96763
-24466
-49606
15984
-89692
27835
40884
77280
10654
80840
37604
-19122
61494
41799
-92186
-2326
75440
76143
-84781
61383
-77217
70985
-29296
93298
-37856
48960
-26646
-73477
61253
87315
-11391
74368
-37151
-60997
6704
40458
-33162
63945
17738
-6156
-22511
71694
42023
38983
13493
-33811
20305
88933
25980
-64476
66673
48768
6514
-46271
58418
-31342
2689
-51871
78829
-19706
-64556
-32562
-28986
65589
-9906
77723
22399
40580
41668
56489
-65571
2805
28183
60100
41793
-41972
26289
78450
-36682
52274
13979
-53657
-82606
20493
67368
-7836
-94497
-13591
7589
-99316
-33297
-56967
35418
21365
-75021
-58136
99088
-52622
-17551
-42892
87520
-83122
59918
15703
76978
18063
-9912
-80381
96513
-62946
-28107
26844
50693
72935
63689
34413
-34896
52840
4470
-27307
-46476
71173
99379
-94701
92538
-75642
-52837
-92017
-44616
13260
48739
42904
-69862
-74991
-25036
90764
-40576
32348
10388
39590
-14246
-1367
-862
20095
-28427
46480
54508
20325
99320
75330
93018
52849
46503
8749
58148
-44607
16755
88959
47024
72144
2224
95768
15048
-51286
-62871
-93636
39483
63854
-44936
-33777
3444
8114
-51496
-81066
-39087
3725
-34586
99069
24050
64739
-92897
33425
17588
37254
42174
92088
-90996
58934
-2601
-43972
47430
99623
35444
78830
31990
-27422
-14801
71473
20080
-59737
-45952
-43772
32030
69848
42458
-7057
73578
-75771
-91631
97628
-11032
82768
47405
-77092
36379
89584
98644
-54617
64870
96043
-14941
12300
12023
20508
-76166
60365
-90562
76329
31838
-70482
245
-97762
69394
-35021
55734
28204
41570
-54336
-47567
49939
-40351
25049
-50936
-92946
31605
85443
96638
-37047
14474
61508
42649
99533
90160
71024
-63607
-86001
31389
-70521
90328
79579
42645
90573
65465
-55257
-28096
21199
56600
-86521
-33132
9033
-36582
10165
-49561
96130
17219
82044
81573
-69786
28650
12399
75370
-95997
-71711
-1761
58675
31978
79534
-77232
-22186
86214
85995
20459
93144
51460
48855
-34952
72659
-61841
62175
-44121
-36456
25598
66044
-86017
21728
83268
79680
19658
97130
-58966
-51591
-94796
28685
43994
70739
-79936
92329
66625
10128
70143
52844
96123
-93046
45988
47583
55809
-72612
36594
-6032
-10432
92478
24813
98814
-25126
-44852
36894
41790
-65172
-27096
-28376
59510
88614
44129
88195
48960
31220
-91741
-26007
97850
2035
27784
-16602
14510
-65257
13034
78445
74200
-43226
15044
68173
13638
-76126
9338
28804
-1252
48134
65703
40543
-681
-45041
95815
-41171
43573
-27352
47029
92538
-96127
55288
50179
-98277
57328
94320
-31231
88190
-70937
81803
66640
3263
-45071
81684
87788
52220
5558
-86522
81024
-79342
-22031
63079
44849
-22712
-81957
-26627
19765
45264
-70331
66794
54154
838
-61561
4338
-81087
-87881
98658
54978
-99691
-55927
53133
-33051
-36312
91715
48633
-32167
-23361
70543
64959
57663
74854
-57072
-62901
36055
-96136
38790
9428
23634
84054
22750
90428
38213
23588
-54781
58903
26154
24634
73913
97484
24948
-65662
66974
-91751
-18326
-8607
-26761
16803
35328
27430
98119
9343
-65012
24695
-37206
71048
28564
-98416
-3172
52198
-14357
-80422
58978
-59792
-40477
87850
82759
-97971
-54812
73024
99513
53784
91010
-17161
62038
72684
57880
18925
5844
9560
-20941
3963
18908
97700
45010
65350
85100
73574
-33061
-18072
42124
36230
85159
17459
-23562
-38966
5309
-24451
30359
-33151
-51427
-53776
20638
-60417
-70932
-972
95915
-13052
17953
1759
-3487
80660
22074
-68227
-88936
67089
-2877
-3836
57015
47710
45393
99144
-83356
46904
32955
60378
-92062
-29032
-47721
-45351
5113
68148
68169
-57897
-75917
80885
24779
-79997
67838
-40916
-61886
47999
39749
-39807
63420
50813
-56366
60543
30630
-99351
24610
92375
99793
-58746
39279
32748
-82011
-36431
87364
37564
85514
8834
-77931
70035
34585
13448
50925
-7927
-50197
35115
34805
71570
83114
-92742
31763
-20762
41724
59045
-43867
-94942
-40306
-19257
-2567
-24156
89298
-46936
92240
90935
-83367
-87687
-38797
85795
4795
66920
55830
39380
96725
-60541
31453
-53472
-25426
66263
18098
57688
-10127
66213
-46722
15245
25258
-6936
-79697
-98691
57455
1384
44449
63105
-45552
-30607
54040
-45271
-34646
15248
40524
-29851
82168
-70937
9534
78893
35818
-42661
-58222
-73251
-60046
43524
68085
13480
-73906
21368
28725
-32296
98080
49033
-30987
55535
66769
-70186
18645
4870
66508
-94611
59599
-51786
4285
16480
85664
2810
-54457
95198
81703
-2287
-31111
7129
91758
-91152
67010
76200
-77672
-6896
97568
51053
-39192
12000
16438
-86526
67535
-436
-56712
-81116
4434
93444
-75722
80385
-58337
28563
96865
-56321
31373
42408
-44771
-70567
23774
-75882
-47086
31884
-83386
-80076
-59212
22590
-86972
22004
90000
57489
34004
6438
70963
-65752
89650
97899
36780
94084
91348
-38942
74474
-50637
-94022
-95957
76690
20999
30104
-68081
-33216
70230
23333
86999
2114
-43696
6923
26555
78894
-63692
-18737
68894
77445
-68376
-8311
48408
49520
81339
62659
86300
75428
70359
47363
66254
3370
36989
53945
-87236
57988
84049
11979
-58871
-13017
51669
28128
72750
7973
51403
-67991
-96781
71359
80568
72118
-18492
95840
47455
-53732
-21936
-38502
92580
-35631
20574
62939
95380
3180
-982
-34927
57130
79078
-60587
-26117
7414
47838
-55481
75435
92318
17269
83408
-39922
-50722
-97021
15085
-53802
58745
96598
42043
-61096
26514
3755
67703
-48202
-31876
4629
98390
63504
7814
97408
-55071
64944
92838
51643
-44821
-83396
15833
-302
-7961
-75492
615
-8201
-31766
-50107
62079
83319
-20256
20824
-3731
5435
-40267
22788
-58106
-56212
58234
77319
32065
56624
57175
39879
70384
-97891
21175
-20421
-29896
76359
-3817
69585
59705
55523
-5907
60325
-36326
45975
10218
-74247
29299
-93686
-37066
-74432
11749
6315
32004
-46352
-49897
90243
14615
82168
63219
-95506
-61596
33608
-93397
59579
-70461
44003
35938
93018
13593
95648
64893
-75962
72325
12220
-29982
82543
37973
82965
72510
84555
8533
84259
90870
56894
21555
40973
63489
-31126
-60502
43060
-26627
61550
93020
-36376
21129
-77441
91280
73424
99230
4873
85424
64123
-54737
57749
92695
-1071
56644
30673
81894
-38142
15228
6784
29770
22455
63678
-15971
63428
43519
-47092
-80722
86579
-90071
-19172
79604
40849
-81686
2163
32129
-8262
1393
53354
-6486
81873
82270
51263
74568
81199
-75741
-78407
63098
53418
-46822
-13766
99540
75633
-33736
83569
55413
-90217
20125
58344
-87286
-69946
-44476
92318
-29092
41134
-89162
-80611
-50776
-71417
72748
10034
94104
55018
77649
85029
52569
-98087
-77026
-67981
-28317
43448
-81747
71223
-64567
51813
-28856
-92797
-22052
-8726
49195
74315
-78672
-95281
66633
75884
45858
61119
-4722
78730
73355
-15622
-78527
-99837
-44252
82770
68840
91965
84683
-8181
23989
40014
-48381
25890
27589
70705
94060
-1262
-22092
72008
57308
-72897
46323
-5012
15470
-70687
54525
61328
-93216
49803
40063
-19861
17829
-22112
63955
57225
-39342
32795
49190
-38302
24614
73179
-81936
76238
-68222
-54342
46943
-74162
-71956
-58797
81494
-98296
51954
44174
63988
67424
57135
34865
45109
-36081
84668
1524
-55937
-81151
63060
-91982
-23926
23718
40813
25269
69064
81784
98448
-12867
-25626
13874
-83561
-62331
-43936
-55517
46168
37563
13483
14474
-1911
93823
81898
55224
28693
43359
19143
-70287
44883
46854
15863
24295
-28776
-91711
48018
-71606
-66442
-66566
-89822
-51637
4215
68200
-21411
-79346
5869
1954
32433
68389
-44131
62268
82863
-46042
-27552
81113
92830
84789
-59171
28325
-69146
69360
75184
-36931
93660
46408
38659
58030
-8846
-11431
-8536
84980
4228
95684
53180
66470
-83662
59049
-98872
-34872
27438
40645
11044
26653
-5397
-156
-75877
87433
84633
32248
15758
99140
17960
7294
-37791
-55676
70059
868
-97646
-38787
-94206
-6177
46198
93670
73155
99378
-7156
89493
74784
61268
38269
18574
18265
65670
61584
12868
65514
69355
-83347
-33496
17955
-51232
65644
35915
-27586
27853
80244
42473
-54922
-17402
-79957
34520
60069
49889
28190
-34072
65619
21039
39074
56755
98659
93695
-91962
16929
-7931
53270
-53851
-42412
22625
46455
91388
40580
95223
-26616
-90801
-16011
84885
-10557
-57181
29963
-44306
30158
64483
15763
96399
9030
65344
62018
-37227
20770
35130
-22216
14465
-56832
-5287
-93461
-3562
24515
31423
-80937
-96326
39163
59643
-84751
-71101
52490
-762
13784
-58062
9353
60104
81280
55863
40939
13395
-31386
-17327
78739
-53011
-70906
99509
-17881
74179
-53317
8935
-14756
36870
-94627
9759
84645
8084
13433
23808
-15921
12330
-30941
36569
11573
-17157
-5141
37278
-40701
-23861
-90502
-99757
-10461
61760
-33436
68278
8749
-4337
84144
90868
53490
14475
99803
38734
51345
88824
48498
35990
13260
-21717
76150
97339
90618
45209
33913
-81457
11700
-54876
39469
71004
88564
-34681
54895
78103
-72916
21459
62733
35833
770
63229
-56942
-13036
77704
26509
-74297
-38247
31690
57849
97743
44950
-47516
90245
-25002
26750
35454
-74737
45293
-20137
37683
-98881
34515
42599
33734
-77886
-62946
60818
43573
-83856
-86992
44348
-20627
-60286
14960
-26566
66223
40663
18835
97913
-85136
16583
59220
34649
23180
34218
-5897
-8657
43129
23049
-45146
-2836
24168
89369
-60232
74254
-88517
60470
-48571
38704
76614
48085
99404
39640
87799
-52927
13074
-29626
71384
31909
-15356
86253
64844
43864
37254
-79267
-5566
15005
-4276
37563
-29242
17874
18375
78574
23595
58143
52833
35078
34970
-79386
90134
11584
-31301
89543
-16072
-43502
-47032
80650
10520
8000
-54732
95164
94253
93760
55380
47859
-85507
-50186
62869
77513
-96271
-50021
11739
-77891
-71442
35334
-3396
65039
-13236
-68426
-14347
-23097
43163
38000
-17202
10739
94498
-80586
-75902
21370
27414
-46986
16539
38024
46774
-95377
85883
-22376
21738
65104
38785
9115
-84912
-16767
31224
-72706
-65081
27833
92333
88984
43055
-5662
-17761
2570
-67662
48685
-53982
-56812
68099
-46236
-35442
95513
-93222
-2551
49889
37200
69373
-47871
-85176
7463
17233
53614
32930
15969
20495
-3137
43263
-44586
8344
51948
44398
-15897
29934
-57011
-13322
-21376
91674
-83656
5460
59773
-29892
-29977
71643
-39466
51120
-62116
97734
20493
57309
-87437
44308
-9101
-17471
77243
6868
3024
-9542
66488
-41562
82450
-65212
-80807
66553
-18921
45830
-30417
-40297
37509
69575
-34832
-86366
-60317
18839
68925
83865
69959
-93186
81604
6809
64123
-89481
67469
-28626
60344
61064
61895
63368
35170
28383
-61842
17620
-20477
40999
530
27898
86834
-29887
71254
24343
-60307
-47226
-45671
-36976
-28387
23259
46894
-42076
30073
28498
64733
-89452
22665
-51441
49223
-84287
-90377
27470
62729
-55202
55853
-82761
62418
19024
-41757
79300
63279
-38571
-50582
50885
-97876
-27241
-96341
23749
-64217
58920
63360
66325
16844
93433
11175
-2066
87634
33840
-53507
53209
-50447
39764
80679
-71366
-99086
52884
-54122
-20311
88260
-12231
-41011
51539
16494
75703
-64872
18618
-35186
6083
-41281
67898
81355
22084
50575
98204
-68131
61755
96138
-80497
-71701
-41017
-10936
61505
82395
-30257
-9861
-16686
6275
19665
30299
94540
-92566
-10712
-21217
23928
48644
-2436
-41102
13458
-80001
1270
-2292
-98641
23354
48288
99563
-44777
10043
12053
58379
21990
54684
47443
83495
37079
839
73639
20393
7114
93304
-32956
-65642
743
39985
-3206
41023
-78667
-5642
83574
18439
81653
-82452
-67496
-636
-42746
64440
82575
96125
74483
10980
-12792
12825
65664
18304
-70971
19100
19143
-97332
39493
42609
-87676
-77106
-6676
96715
-37121
57414
54095
51508
-31876
-29627
-13701
33425
-28431
86099
-67206
-71177
-16757
15369
-75052
41374
26354
-4191
54204
92018
14113
83233
27470
-50392
69549
83320
-91431
81873
-93786
69189
94945
-30907
42955
49040
-63047
-88921
-80587
6900
44509
74630
93004
-22697
-96547
-7401
76320
-87951
-66022
2674
-92142
-95466
11049
5619
71415
-28777
-28421
-26332
-45457
47449
39189
44405
32990
-33162
-86502
-91346
-84122
-65901
-80267
-81061
-58996
47890
-6431
34008
-74807
64318
10255
1518
-7276
44233
20544
67878
-34881
31593
89854
-63466
86469
-38567
93850
-42636
-74766
-34252
-98226
-41771
-83766
98920
-33117
99413
-66976
-29736
-65296
-25972
18159
-71722
-75612
27000
-91052
-65357
44870
68968
-4767
65419
53203
27648
13364
-40591
-19461
16185
4490
-25611
-26446
-70271
23785
-24672
-12042
-59976
-25752
-61511
-44211
90920
-91247
57789
-35052
10560
69715
-27016
-29731
78668
91280
-84861
63988
-13487
-19442
33543
-69487
77575
-90696
78348
93760
-86201
-30906
67314
10824
-7121
26290
-84866
199
-99457
20919
-44012
91463
13320
-69866
40064
23885
99849
13048
-5846
-5131
20680
-90707
-24786
7193
-26496
92405
21359
51079
-98286
16059
44839
82809
-14847
12158
9985
45333
54800
-74881
61884
-44657
46038
-65771
-36837
59358
31659
-80421
99595
31508
16275
93749
-57266
-30336
86695
85244
60505
60199
77649
-85432
11278
-20637
14280
72469
-21476
99433
979
-11491
-38882
55784
-86372
-60641
-72521
43314
40884
57938
19029
72543
61165
-48672
20403
-89851
-38566
46785
47109
48129
-35267
-59682
8328
26035
38539
35958
5398
52819
24779
67575
68604
25763
56084
-53921
97899
53365
52734
-74622
-70617
93618
-327
-35236
82513
-39162
99745
-80732
54635
-38821
66058
1744
-90692
14439
-41581
-66012
-26822
-3042
53594
62229
-33871
78373
-37492
34733
20488
2240
64460
-65261
-11691
17194
43770
1345
27164
-56557
-33891
-73971
-12071
-34146
12598
-57431
94329
95008
44313
-80011
-74201
-80916
21273
66278
99690
91219
44859
65819
85949
91015
-83091
-77211
93255
-18631
-42467
81569
98568
-98697
82914
-57916
-71606
-50977
35414
-83677
98530
64364
42540
-74437
75724
3210
29205
-98477
-77706
50478
-15847
21989
58054
12660
87808
44003
3675
-78931
-16856
-70361
-97557
24325
-88792
84659
-74372
77770
26743
37670
26793
78509
53998
41675
59225
96538
-32757
34949
16100
-3552
-47171
38399
-36722
4278
60388
4980
33295
64548
65335
-30326
-98026
48484
66609
71713
72809
61465
72724
-85206
39235
-84181
-47536
82385
-5667
-77186
24060
53558
-64291
91303
-95136
-48191
71399
24989
-9792
-48966
45619
34244
-43986
-88382
15149
-78646
48593
-82877
-30162
-68446
72484
-41001
-6976
61560
41089
32259
-22621
93558
-52652
55360
20
-28587
25275
-64271
46364
-69861
54839
34120
55128
-38601
-14846
17099
95648
8464
12370
-72851
29818
60963
27920
-83992
-91131
-66892
42308
69189
-5332
99749
17805
55695
-90341
-34847
-56236
9684
20214
-30961
-54587
66583
-822
-83396
17055
37954
-21992
-97791
71405
57304
10673
83775
84453
56848
61090
12373
56504
-30036
-38167
15164
39153
-59851
31270
73310
95844
-59071
38468
-60392
-49387
-24966
75943
79679
-42031
58769
96283
-24976
13075
-9357
-22767
84485
31595
71559
-99036
16048
-55241
-37941
44773
1263
-67977
90254
-67216
-12472
30403
-35946
-39157
-57396
-95017
82959
49508
39249
-42007
41808
35280
99615
16929
47915
-25361
30009
-61437
19173
-52802
-29842
7084
15458
-97437
-48157
-6131
-36312
36754
9540
-29701
69538
-2927
84350
-50056
41564
26954
38580
24523
-7181
-89467
-1132
-49021
-54187
-1517
-32092
-6272
56775
-85731
15939
92300
45115
-97546
99384
76930
88665
34875
-29201
-47647
-95667
80344
89948
-9772
-6231
90655
23820
-64667
17609
-4896
-23792
10428
72933
-41276
45055
2394
24508
12968
-87521
97635
10885
-71582
89935
56005
98168
89319
32935
86833
-43102
3734
-44457
44879
430
-38157
-48541
-5801
-47502
-24716
13180
-13536
37684
-10612
80540
-73026
15413
-41696
29368
56273
54920
25495
53908
-1491
53918
60195
54514
68438
49514
-79847
71628
-77236
-59756
10819
-32357
40674
-10986
86403
-65122
25165
-21961
48058
-88371
-84277
21099
92169
26345
52864
-49527
72070
-74511
5393
97565
-4251
-79741
67835
-44056
74773
36278
5458
78579
24258
11870
18823
51429
-20487
-24151
-59557
-17732
94375
-34392
27603
42438
60885
-40317
-20111
53059
86028
-67247
-80116
58098
41890
8930
72020
37639
29189
39855
-6417
-79686
92485
82689
98893
16743
-72737
-65932
84524
-9576
77218
8620
56345
87945
-25772
83948
30383
-64882
27279
-73376
-95471
29664
43025
91709
-95886
-82381
-66657
-23866
-44742
46180
15994
32489
66499
8479
15178
-18256
41579
-41207
99465
26103
16518
76683
51075
72863
80980
-74692
73163
11368
44074
16799
21640
-51397
46463
-2626
-43336
34225
82289
57308
10364
21200
19840
26358
53689
86339
51189
85224
68088
92768
27665
67553
35228
60535
60588
86303
33398
41568
-72037
22918
-30712
-11611
-43931
90933
4288
-81116
71955
-22691
-46891
54244
18265
63473
75444
38105
-93817
29138
-42847
41025
30714
8889
50145
58379
-7206
85373
18919
-30266
88033
68669
94950
-67652
-92061
64243
88038
-35992
-28472
8678
50188
43483
69635
-80346
-85921
87900
66775
89528
-41286
72963
35018
83163
13988
-17916
8404
64133
-59537
1198
65863
-24266
54580
70248
-55592
-17766
86244
35995
30125
-9366
8
1653
82965
66548
-38512
-14696
-97446
59220
-26791
-30666
48748
-68077
-41351
-99882
-68562
56285
65850
23490
36770
-93687
41040
2633
65700
-71676
89233
-89892
77854
-8166
46103
-59312
-17532
-37537
25989
-34567
12664
-96166
34390
-84782
-36946
-92401
68200
95450
23170
-73151
-4432
-45392
83134
61418
78098
19909
51379
35490
38894
17079
-36186
-55516
-56461
41668
3614
73295
66004
69730
35758
8350
35168
64774
-87816
69558
63645
42534
-6491
-35451
37984
-83321
-8597
-50096
54935
58185
94970
49385
-89202
-20947
84875
33345
-87511
-51311
77829
23324
-93291
81443
-70677
-27282
67525
-18562
81068
19045
29860
76900
4955
-73791
19434
98464
58059
73770
-84857
33110
-76326
70078
-76001
18644
19463
2098
81345
20690
51795
93834
69379
29624
33515
-23907
27419
62838
32459
-72352
27924
-70121
-53302
57789
-93221
51653
-16002
26213
-33526
-41591
99983
65265
91519
-59991
35348
-84477
-41347
71163
-66027
39998
91858
-14232
-49811
-22411
-68256
83704
20978
-40837
-37106
69789
-29541
-9177
-332
805
32260
73743
52463
16258
-83692
2585
58320
-67357
67850
49839
39948
19550
-18286
82249
90718
99335
38604
98928
85103
88793
60165
495
-11151
97500
-40342
19039
67289
13770
-73786
-16686
-52721
58474
-26591
83390
-8911
57018
85975
49409
-93987
-13466
15600
29614
-93916
97319
28215
-86846
96654
66819
95730
-1886
71964
55900
-1391
-39187
-13896
41920
-3791
53393
-11606
89719
20355
2969
64550
-6231
86364
-44361
-32861
-94957
5048
56800
58873
20648
86414
-18686
-65681
14634
61764
-69022
97805
57499
12740
69774
-53897
11349
-53061
15855
53269
-56852
85600
41663
-50776
-61336
-39011
-86226
99729
47353
36709
66868
36044
-41891
23668
11274
-4891
26439
92588
-70567
57425
-29296
-55941
55230
28203
56799
-42292
-9342
68148
88300
6513
37774
-68552
92118
-4211
47968
14430
24074
45390
-53137
87779
-85197
-69917
40180
56560
-29897
51454
-48326
80190
60394
48403
37615
31098
-91186
-74446
75658
-34387
66910
49964
-49887
55210
-27166
71535
-13337
48600
-32671
18279
-4266
91403
-3622
9893
-4461
-5171
23624
-64281
-48606
77375
87173
70364
57570
63919
35119
-72111
-88631
-56067
-46557
70675
93194
-79642
-46652
26955
75568
93478
-68801
45879
58430
-1472
80515
-45836
73579
-23107
-19591
69118
55370
-95967
-78811
-93236
-18592
-75286
77128
38978
-11367
-71401
-16776
83655
56180
3963
54330
-17922
-59327
7678
9038
99894
-82492
23885
62125
75938
-77587
-24656
-53546
-87656
35885
94159
-2181
91260
-85456
86304
-1976
63253
11023
-8491
18583
83304
-79892
85455
-337
76293
5775
-46002
42019
46448
45324
-32591
62694
-20811
91294
24824
-28521
-69941
-99832
-82062
-57592
-63942
95745
7523
27318
10294
10179
-58306
-10101
-62446
499
-75166
20863
-63036
10294
4174
96905
-51227
-25476
38924
78869
19853
6338
41568
-84606
13984
82744
54169
-55952
66560
55755
-29896
2618
-15791
61275
-53712
-5497
-95842
71635
68050
9013
72134
92884
46228
-90902
3178
66754
6003
35599
-58717
-38716
30825
-22512
-16026
72393
60178
-2042
-28511
-69301
-74346
38049
86459
63054
57024
70668
-42967
-80336
-18477
-55156
-8701
-50427
-29791
63438
26105
85
-11112
45640
66839
78544
-86057
-75526
-60172
-55232
69258
7450
809
-54212
-94592
72298
60140
98363
-73296
-20697
77769
83728
33619
-48841
87040
-68506
-3997
-21656
64715
33508
-41866
-76476
49945
14318
-30836
-50512
-90786
50408
41263
32690
78824
-73127
40140
95990
56314
-54447
68288
-50842
-39732
-88656
-87891
-45611
78720
45728
72844
-1531
60870
-14801
-23187
25585
2355
2243
-50891
-14996
-67087
-81722
1793
25780
52334
-40592
58470
47510
69929
98615
43500
42595
44168
28145
-8247
-79212
39489
87510
42473
-49082
33238
31674
16683
10460
-83127
-90152
-31251
19233
95739
85159
87885
-54996
87085
89678
70784
-27877
-34562
29259
19633
-48276
-39422
79490
-5681
-78902
7635
53373
-74466
47124
57235
51655
-85606
90478
-83967
14725
17290
16559
-75427
-13956
-47856
-63336
-28797
40029
-18327
58288
-53936
36105
-53237
95150
-1932
50044
-53126
42294
29534
8494
47040
-30127
78219
-27426
-66646
35454
24234
15044
42284
23915
-37522
59579
40474
70699
-54377
92618
7368
474
-50996
72689
75114
-4932
-58502
5525
-9782
-76781
-11727
4393
65513
-65836
-70761
12558
