7
8673 7402 
12
-5248 738 977
5991 -4800 522
-8404 -6721 965
4685 -6959 499
6834 2565 789
1363 2140 686
-5347 1698 474
-2871 213 924
2312 3471 319
-9165 -6173 678
8603 7502 484
-7833 3499 626
2411 3123 
16
3045 -2625 752
9287 4863 651
20 -383 389
285 -8938 436
-732 3896 157
9224 4449 515
-1003 -8505 604
-1857 -9389 20
3832 5215 732
9189 -3842 753
5815 -797 386
5671 -1511 510
-5951 8516 111
7014 8801 145
733 -1932 487
-8608 7292 320
4553 8664 
4
9252 8927 683
-4488 2484 170
3960 8115 858
1262 8325 432
7414 2440 
8
3250 -7279 593
-8897 -2599 820
6071 -7339 801
-6823 8100 368
5146 629 76
-6395 -9108 755
2207 -4266 168
-8783 -2231 306
8733 3358 
3
1417 5090 643
2946 8070 910
8733 3358 923
1666 8472 
19
-5748 -390 12
-9781 -7816 498
3512 -6013 822
5671 9013 36
-2746 -9299 597
3223 8686 587
6951 -9652 656
-2283 2313 577
8767 2187 499
-5406 5521 510
8518 -227 795
8650 -7 893
4096 -6494 291
-2852 -823 84
-5169 -3567 703
-2522 -344 657
-133 -3394 89
-1016 -5677 503
-2467 -6911 385
1416 7764 
14
8615 2023 639
5619 7427 923
8716 9476 209
2727 8050 370
6246 465 601
114 8126 860
8327 3059 114
1714 2552 788
1258 6319 895
6896 8814 336
294 7429 835
8580 4126 384
1861 2842 925
818 6648 176
4364 2893 
