5
8973 6202 
58
3811 738 0
3662 5991 0
3555 8820 0
2033 6721 0
2124 4685 0
1430 9530 0
6908 2565 0
9771 1363 0
3772 1976 0
2855 1698 0
682 2871 0
6097 4948 0
7036 3471 0
5078 9165 0
7197 1618 0
9875 7502 0
4512 7833 0
7385 7557 0
6042 3826 0
7478 1526 0
1750 7202 0
6424 1222 0
7748 3357 0
3589 1411 0
190 4120 0
8428 8068 0
17 1579 0
9483 4679 0
4931 9864 0
5670 9964 0
1238 6313 0
4574 4111 0
1752 6880 0
2073 1868 0
1842 6419 0
3865 9083 0
6395 7123 0
9282 672 0
6938 8009 0
4676 6269 0
2876 9374 0
7236 4181 0
2405 4814 0
1968 8342 0
6811 4062 0
9737 2209 0
9242 6855 0
1150 2533 0
7970 5346 0
6907 8199 0
4478 7520 0
6032 1394 0
7243 6227 0
7279 8394 0
8897 6509 0
6916 9720 0
7339 5014 0
6823 3669 0
1250 5790 
174
6906 6972 0
1831 5043 0
6778 5188 0
2905 2984 0
7860 2436 0
8207 8275 0
3454 7207 0
9037 8948 0
7036 5398 0
6428 9946 0
341 8594 0
873 2910 0
3518 4771 0
2539 8414 0
8599 1281 0
8985 8003 0
6666 2983 0
8693 1956 0
3021 2420 0
3739 9355 0
875 8697 0
5710 5549 0
3874 30 0
6795 5525 0
95 4485 0
4708 7824 0
3913 7745 0
9742 2752 0
7466 2417 0
2835 8833 0
619 9840 0
6635 3174 0
876 5637 0
2885 2080 0
921 5200 0
6933 9129 0
724 1655 0
4281 3926 0
5453 6936 0
2338 721 0
1438 1743 0
5304 8295 0
6203 7985 0
7938 9605 0
516 6711 0
9869 5502 0
4621 9647 0
575 7039 0
3985 9038 0
8454 5135 0
2239 5999 0
3016 1569 0
300 1070 0
282 483 0
9474 6114 0
3458 1684 0
252 4093 0
510 9620 0
4035 6578 0
5315 9129 0
8198 8431 0
7842 4084 0
6789 3891 0
9531 4784 0
5967 7603 0
9743 1068 0
8337 2574 0
9236 9006 0
568 9721 0
126 73 0
4172 2850 0
6943 8718 0
5748 4992 0
9869 2247 0
7816 9510 0
3512 2550 0
893 517 0
9013 8891 0
2746 78 0
7354 9503 0
8686 4671 0
6951 5492 0
9118 3649 0
2313 2608 0
8767 4841 0
2546 7562 0
5521 3058 0
8518 2900 0
5992 6764 0
7 5367 0
4096 7544 0
8024 1773 0
823 3817 0
5169 4287 0
2263 5416 0
344 3910 0
133 6351 0
3227 5651 0
5677 4818 0
2467 2825 0
8726 9217 0
5527 7264 0
614 6837 0
6571 2961 0
4853 3702 0
7431 1749 0
7913 6699 0
6099 1911 0
5352 6343 0
6476 5342 0
1592 1761 0
1190 4002 0
7630 9741 0
2739 2718 0
2516 8820 0
4956 3627 0
7627 8107 0
7255 4515 0
6777 3686 0
8252 6646 0
3722 2049 0
2737 6166 0
3295 5927 0
9116 2508 0
8078 5552 0
8174 6748 0
4568 8189 0
6451 541 0
411 5624 0
4984 5357 0
6349 9890 0
8878 5053 0
9365 9067 0
991 9488 0
8782 6938 0
8802 7265 0
7084 4483 0
6297 3868 0
2773 1237 0
8324 9941 0
9434 3609 0
2871 816 0
6519 8419 0
2071 5326 0
4810 2139 0
1021 855 0
9150 726 0
5518 9389 0
521 6446 0
1101 1092 0
2092 5056 0
7080 5372 0
1880 9594 0
5374 252 0
3600 5951 0
9351 1583 0
7648 1476 0
701 1982 0
3702 7244 0
273 2819 0
9421 8784 0
435 1623 0
4405 3944 0
8241 6398 0
5382 3114 0
7857 976 0
8602 7596 0
2480 6363 0
2128 4821 0
7294 3377 0
1250 5790 0
4364 2411 0
1024 7886 0
5221 2253 0
8973 6202 
108
2153 -5067 0
4604 9396 0
6266 8185 0
6535 -6869 0
8604 5046 0
2678 -5020 0
3380 -1242 0
1101 -7714 0
4896 3687 0
1081 -3045 0
7614 -732 0
6757 -7903 0
5830 -4801 0
1418 4625 0
4771 4090 0
7587 -4172 0
4612 -2425 0
4807 9757 0
8171 9298 0
4940 -7836 0
9985 5748 0
9993 536 0
1490 6694 0
3347 2057 0
5428 -9303 0
4421 -976 0
3078 4662 0
3835 -5964 0
3594 -8724 0
1165 -4524 0
8865 6764 0
9752 -3453 0
2822 4379 0
8783 106 0
9145 -809 0
2726 -9817 0
3506 7267 0
2501 -548 0
6149 -6450 0
7323 -3495 0
7550 8364 0
6024 -7944 0
6011 2336 0
1046 -4949 0
5559 -5246 0
485 -8856 0
3129 -317 0
8667 -4136 0
5991 -8155 0
9804 -2255 0
3847 -1759 0
4650 -4009 0
4335 6500 0
3427 9484 0
4787 -5198 0
7718 -5702 0
3292 9369 0
3390 -1644 0
5766 291 0
8928 -2518 0
9877 -8215 0
3636 -3429 0
137 -5823 0
7800 3381 0
4007 6249 0
997 -2932 0
4251 -937 0
2637 -9988 0
4208 4196 0
8355 5621 0
5834 -4516 0
8399 2164 0
900 -3718 0
9516 -1278 0
1595 1786 0
2040 1635 0
9019 2682 0
2288 -4952 0
3435 8493 0
3674 2891 0
8760 -445 0
1566 -8605 0
6816 -9132 0
5408 2039 0
4448 8748 0
7466 4063 0
8001 -256 0
7358 -908 0
8041 6755 0
9575 458 0
2746 -8132 0
6105 4278 0
8061 299 0
663 1418 0
6262 -2245 0
4785 5698 0
1165 4268 0
9402 3779 0
1623 -3648 0
663 -7642 0
9659 -2200 0
4185 -661 0
3842 -5187 0
4567 -8580 0
8995 -5905 0
594 -7727 0
2763 3972 0
4601 8366 0
-6262 2245
108
-2153 5067 0
-4604 9396 0
6266 8185 0
6535 6869 0
-8604 5046 0
2678 5020 0
3380 1242 0
1101 7714 0
-4896 3687 0
1081 3045 0
-7614 732 0
-6757 7903 0
5830 4801 0
-1418 4625 0
-4771 4090 0
7587 4172 0
4612 2425 0
4807 9757 0
8171 9298 0
4940 7836 0
9985 5748 0
-9993 536 0
1490 6694 0
3347 2057 0
5428 9303 0
-4421 976 0
-3078 4662 0
3835 5964 0
3594 8724 0
1165 4524 0
-8865 6764 0
9752 3453 0
2822 4379 0
8783 106 0
9145 809 0
2726 9817 0
3506 7267 0
2501 548 0
-6149 6450 0
-7323 3495 0
-7550 8364 0
6024 7944 0
6011 2336 0
1046 4949 0
-5559 5246 0
-485 8856 0
3129 317 0
-8667 4136 0
5991 8155 0
-9804 2255 0
3847 1759 0
-4650 4009 0
-4335 6500 0
3427 9484 0
4787 5198 0
7718 5702 0
3292 9369 0
-3390 1644 0
5766 291 0
-8928 2518 0
9877 8215 0
3636 3429 0
-137 5823 0
-7800 3381 0
4007 6249 0
997 2932 0
4251 937 0
-2637 9988 0
4208 4196 0
8355 5621 0
5834 4516 0
8399 2164 0
900 3718 0
9516 1278 0
1595 1786 0
-2040 1635 0
9019 2682 0
-2288 4952 0
-3435 8493 0
3674 2891 0
-8760 445 0
-1566 8605 0
-6816 9132 0
5408 2039 0
4448 8748 0
7466 4063 0
-8001 256 0
-7358 908 0
-8041 6755 0
9575 458 0
2746 8132 0
6105 4278 0
8061 299 0
663 1418 0
-6262 2245 0
-4785 5698 0
1165 4268 0
9402 3779 0
-1623 3648 0
663 7642 0
9659 2200 0
4185 661 0
-3842 5187 0
4567 8580 0
8995 5905 0
594 7727 0
2763 3972 0
4601 8366 0
882 6599
18
8564 8272 0
7747 -7629 0
8756 1010 0
-436 -8287 0
-2868 -6760 0
-8389 2039 0
3741 -5736 0
367 6299 0
-1632 5133 0
9642 9300 0
3410 6417 0
-1533 4978 0
5277 871 0
8809 -6477 0
1024 -427 0
8477 -9335 0
-1077 -1620 0
883 6600 2
